Analysis of S1 sentence:   
========================

Count of Bigrams without Smoothing
==================================
                             The                       president                             has                    relinquished                             his                         control                              of                             the                       company's                          board.
                             0.0                             0.0                             0.0                             0.0                             0.0                             0.0                             0.0                             0.0                             0.0                             0.0

                             0.0                             0.0                             0.0                             0.0                             0.0                             0.0                            14.0                             0.0                             0.0                             0.0

                             0.0                             0.0                             0.0                             0.0                             0.0                             0.0                             0.0                             0.0                             0.0                             0.0

                             0.0                             0.0                             0.0                             0.0                             1.0                             0.0                             0.0                             0.0                             0.0                             0.0

                             0.0                             0.0                             0.0                             0.0                             0.0                             2.0                             0.0                             0.0                             0.0                             0.0

                             0.0                             0.0                             0.0                             0.0                             0.0                             0.0                             5.0                             0.0                             0.0                             0.0

                             0.0                             3.0                             0.0                             0.0                             4.0                             0.0                             0.0                           266.0                             0.0                             0.0

                             0.0                             4.0                             0.0                             0.0                             0.0                             0.0                             0.0                             0.0                             0.0                             0.0

                             0.0                             0.0                             0.0                             0.0                             0.0                             0.0                             0.0                             0.0                             0.0                             0.0

                             0.0                             0.0                             0.0                             0.0                             0.0                             0.0                             0.0                             0.0                             0.0                             0.0

Probability of Bigrams without Smoothing
========================================
                             The                       president                             has                    relinquished                             his                         control                              of                             the                       company's                          board.
                             0.0                             0.0                             0.0                             0.0                             0.0                             0.0                             0.0                             0.0                             0.0                             0.0

                             0.0                             0.0                             0.0                             0.0                             0.0                             0.0             0.15555555555555556                             0.0                             0.0                             0.0

                             0.0                             0.0                             0.0                             0.0                             0.0                             0.0                             0.0                             0.0                             0.0                             0.0

                             0.0                             0.0                             0.0                             0.0                             1.0                             0.0                             0.0                             0.0                             0.0                             0.0

                             0.0                             0.0                             0.0                             0.0                             0.0                           0.025                             0.0                             0.0                             0.0                             0.0

                             0.0                             0.0                             0.0                             0.0                             0.0                             0.0             0.38461538461538464                             0.0                             0.0                             0.0

                             0.0           0.0031982942430703624                             0.0                             0.0           0.0042643923240938165                             0.0                             0.0              0.2835820895522388                             0.0                             0.0

                             0.0            0.002797202797202797                             0.0                             0.0                             0.0                             0.0                             0.0                             0.0                             0.0                             0.0

                             0.0                             0.0                             0.0                             0.0                             0.0                             0.0                             0.0                             0.0                             0.0                             0.0

                             0.0                             0.0                             0.0                             0.0                             0.0                             0.0                             0.0                             0.0                             0.0                             0.0

Probabiltiy of Sentence without Smoothing: 0.0

Count of Bigrams with Add one Smoothing
=======================================
                             The                       president                             has                    relinquished                             his                         control                              of                             the                       company's                          board.
                             1.0                             1.0                             1.0                             1.0                             1.0                             1.0                             1.0                             1.0                             1.0                             1.0

                             1.0                             1.0                             1.0                             1.0                             1.0                             1.0                            15.0                             1.0                             1.0                             1.0

                             1.0                             1.0                             1.0                             1.0                             1.0                             1.0                             1.0                             1.0                             1.0                             1.0

                             1.0                             1.0                             1.0                             1.0                             2.0                             1.0                             1.0                             1.0                             1.0                             1.0

                             1.0                             1.0                             1.0                             1.0                             1.0                             3.0                             1.0                             1.0                             1.0                             1.0

                             1.0                             1.0                             1.0                             1.0                             1.0                             1.0                             6.0                             1.0                             1.0                             1.0

                             1.0                             4.0                             1.0                             1.0                             5.0                             1.0                             1.0                           267.0                             1.0                             1.0

                             1.0                             5.0                             1.0                             1.0                             1.0                             1.0                             1.0                             1.0                             1.0                             1.0

                             1.0                             1.0                             1.0                             1.0                             1.0                             1.0                             1.0                             1.0                             1.0                             1.0

                             1.0                             1.0                             1.0                             1.0                             1.0                             1.0                             1.0                             1.0                             1.0                             1.0

Probability of Bigrams with Add one Smoothing
=============================================
                             The                       president                             has                    relinquished                             his                         control                              of                             the                       company's                          board.
            1.736714136853074E-4            1.736714136853074E-4            1.736714136853074E-4            1.736714136853074E-4            1.736714136853074E-4            1.736714136853074E-4            1.736714136853074E-4            1.736714136853074E-4            1.736714136853074E-4            1.736714136853074E-4

           1.7556179775280898E-4           1.7556179775280898E-4           1.7556179775280898E-4           1.7556179775280898E-4           1.7556179775280898E-4           1.7556179775280898E-4           0.0026334269662921348           1.7556179775280898E-4           1.7556179775280898E-4           1.7556179775280898E-4

           1.7556179775280898E-4           1.7556179775280898E-4           1.7556179775280898E-4           1.7556179775280898E-4           1.7556179775280898E-4           1.7556179775280898E-4           1.7556179775280898E-4           1.7556179775280898E-4           1.7556179775280898E-4           1.7556179775280898E-4

           1.7834849295523454E-4           1.7834849295523454E-4           1.7834849295523454E-4           1.7834849295523454E-4            3.566969859104691E-4           1.7834849295523454E-4           1.7834849295523454E-4           1.7834849295523454E-4           1.7834849295523454E-4           1.7834849295523454E-4

           1.7587055926837847E-4           1.7587055926837847E-4           1.7587055926837847E-4           1.7587055926837847E-4           1.7587055926837847E-4            5.276116778051355E-4           1.7587055926837847E-4           1.7587055926837847E-4           1.7587055926837847E-4           1.7587055926837847E-4

            1.779676098949991E-4            1.779676098949991E-4            1.779676098949991E-4            1.779676098949991E-4            1.779676098949991E-4            1.779676098949991E-4           0.0010678056593699946            1.779676098949991E-4            1.779676098949991E-4            1.779676098949991E-4

            1.528117359413203E-4            6.112469437652812E-4            1.528117359413203E-4            1.528117359413203E-4            7.640586797066015E-4            1.528117359413203E-4            1.528117359413203E-4            0.040800733496332516            1.528117359413203E-4            1.528117359413203E-4

            1.421262080727686E-4            7.106310403638431E-4            1.421262080727686E-4            1.421262080727686E-4            1.421262080727686E-4            1.421262080727686E-4            1.421262080727686E-4            1.421262080727686E-4            1.421262080727686E-4            1.421262080727686E-4

           1.7838030681412772E-4           1.7838030681412772E-4           1.7838030681412772E-4           1.7838030681412772E-4           1.7838030681412772E-4           1.7838030681412772E-4           1.7838030681412772E-4           1.7838030681412772E-4           1.7838030681412772E-4           1.7838030681412772E-4

           1.7838030681412772E-4           1.7838030681412772E-4           1.7838030681412772E-4           1.7838030681412772E-4           1.7838030681412772E-4           1.7838030681412772E-4           1.7838030681412772E-4           1.7838030681412772E-4           1.7838030681412772E-4           1.7838030681412772E-4

Probabiltiy of Sentence with Add one Smoothing: 5.767322532349176E-33

Count of Bigrams with Good Turing Smoothing
===========================================
                             The                       president                             has                    relinquished                             his                         control                              of                             the                       company's                          board.
                         15133.0                         15133.0                         15133.0                         15133.0                         15133.0                         15133.0                         15133.0                         15133.0                         15133.0                         15133.0

                         15133.0                         15133.0                         15133.0                         15133.0                         15133.0                         15133.0                            27.0                         15133.0                         15133.0                         15133.0

                         15133.0                         15133.0                         15133.0                         15133.0                         15133.0                         15133.0                         15133.0                         15133.0                         15133.0                         15133.0

                         15133.0                         15133.0                         15133.0                         15133.0             0.21753783122976278                         15133.0                         15133.0                         15133.0                         15133.0                         15133.0

                         15133.0                         15133.0                         15133.0                         15133.0                         15133.0              1.0042527339003646                         15133.0                         15133.0                         15133.0                         15133.0

                         15133.0                         15133.0                         15133.0                         15133.0                         15133.0                         15133.0               4.014705882352941                         15133.0                         15133.0                         15133.0

                         15133.0              1.8874773139745917                         15133.0                         15133.0              2.6153846153846154                         15133.0                         15133.0                             0.0                         15133.0                         15133.0

                         15133.0              2.6153846153846154                         15133.0                         15133.0                         15133.0                         15133.0                         15133.0                         15133.0                         15133.0                         15133.0

                         15133.0                         15133.0                         15133.0                         15133.0                         15133.0                         15133.0                         15133.0                         15133.0                         15133.0                         15133.0

                         15133.0                         15133.0                         15133.0                         15133.0                         15133.0                         15133.0                         15133.0                         15133.0                         15133.0                         15133.0

Probability of Bigrams with Good Turing Smoothing
=================================================
                             The                       president                             has                    relinquished                             his                         control                              of                             the                       company's                          board.
              0.5160267339562163              0.5160267339562163              0.5160267339562163              0.5160267339562163              0.5160267339562163              0.5160267339562163              0.5160267339562163              0.5160267339562163              0.5160267339562163              0.5160267339562163

              0.5160267339562163              0.5160267339562163              0.5160267339562163              0.5160267339562163              0.5160267339562163              0.5160267339562163            9.206847166337038E-4              0.5160267339562163              0.5160267339562163              0.5160267339562163

              0.5160267339562163              0.5160267339562163              0.5160267339562163              0.5160267339562163              0.5160267339562163              0.5160267339562163              0.5160267339562163              0.5160267339562163              0.5160267339562163              0.5160267339562163

              0.5160267339562163              0.5160267339562163              0.5160267339562163              0.5160267339562163            7.417916907514246E-6              0.5160267339562163              0.5160267339562163              0.5160267339562163              0.5160267339562163              0.5160267339562163

              0.5160267339562163              0.5160267339562163              0.5160267339562163              0.5160267339562163              0.5160267339562163            3.424444976813628E-5              0.5160267339562163              0.5160267339562163              0.5160267339562163              0.5160267339562163

              0.5160267339562163              0.5160267339562163              0.5160267339562163              0.5160267339562163              0.5160267339562163              0.5160267339562163           1.3689919806154747E-4              0.5160267339562163              0.5160267339562163              0.5160267339562163

              0.5160267339562163             6.43619079988608E-5              0.5160267339562163              0.5160267339562163             8.91831349445753E-5              0.5160267339562163              0.5160267339562163                             0.0              0.5160267339562163              0.5160267339562163

              0.5160267339562163             8.91831349445753E-5              0.5160267339562163              0.5160267339562163              0.5160267339562163              0.5160267339562163              0.5160267339562163              0.5160267339562163              0.5160267339562163              0.5160267339562163

              0.5160267339562163              0.5160267339562163              0.5160267339562163              0.5160267339562163              0.5160267339562163              0.5160267339562163              0.5160267339562163              0.5160267339562163              0.5160267339562163              0.5160267339562163

              0.5160267339562163              0.5160267339562163              0.5160267339562163              0.5160267339562163              0.5160267339562163              0.5160267339562163              0.5160267339562163              0.5160267339562163              0.5160267339562163              0.5160267339562163

Probabiltiy of Sentence with Good Turing Smoothing: 0.0

Analysis of S2 sentence: 
========================

Count of Bigrams without Smoothing
==================================
                             The                           chief                       executive                         officer                            said                             the                            last                            year                         revenue                             was                           good.
                             0.0                             1.0                             1.0                             0.0                             0.0                             0.0                             0.0                             0.0                             0.0                             0.0                             0.0

                             0.0                             0.0                           164.0                             0.0                             0.0                             0.0                             0.0                             0.0                             0.0                             0.0                             0.0

                             0.0                             0.0                             0.0                           114.0                             1.0                             0.0                             0.0                             0.0                             0.0                             0.0                             0.0

                             0.0                             0.0                             0.0                             0.0                             1.0                             0.0                             1.0                             0.0                             0.0                             0.0                             0.0

                             0.0                             0.0                             0.0                             0.0                             0.0                            32.0                             0.0                             0.0                             0.0                             0.0                             0.0

                             0.0                             0.0                             3.0                             0.0                             0.0                             0.0                             4.0                             3.0                             0.0                             0.0                             0.0

                             0.0                             0.0                             0.0                             0.0                             0.0                             0.0                             0.0                             4.0                             0.0                             0.0                             0.0

                             0.0                             0.0                             0.0                             0.0                             0.0                             0.0                             0.0                             0.0                             0.0                             0.0                             0.0

                             0.0                             0.0                             0.0                             0.0                             0.0                             0.0                             0.0                             0.0                             0.0                             0.0                             0.0

                             0.0                             0.0                             0.0                             0.0                             0.0                             4.0                             0.0                             0.0                             0.0                             0.0                             0.0

                             0.0                             0.0                             0.0                             0.0                             0.0                             0.0                             0.0                             0.0                             0.0                             0.0                             0.0

Probability of Bigrams without Smoothing
========================================
                             The                           chief                       executive                         officer                            said                             the                            last                            year                         revenue                             was                           good.
                             0.0            0.006578947368421052            0.006578947368421052                             0.0                             0.0                             0.0                             0.0                             0.0                             0.0                             0.0                             0.0

                             0.0                             0.0              0.8631578947368421                             0.0                             0.0                             0.0                             0.0                             0.0                             0.0                             0.0                             0.0

                             0.0                             0.0                             0.0              0.6031746031746031            0.005291005291005291                             0.0                             0.0                             0.0                             0.0                             0.0                             0.0

                             0.0                             0.0                             0.0                             0.0            0.007407407407407408                             0.0            0.007407407407407408                             0.0                             0.0                             0.0                             0.0

                             0.0                             0.0                             0.0                             0.0                             0.0             0.11387900355871886                             0.0                             0.0                             0.0                             0.0                             0.0

                             0.0                             0.0            0.002097902097902098                             0.0                             0.0                             0.0            0.002797202797202797            0.002097902097902098                             0.0                             0.0                             0.0

                             0.0                             0.0                             0.0                             0.0                             0.0                             0.0                             0.0             0.12121212121212122                             0.0                             0.0                             0.0

                             0.0                             0.0                             0.0                             0.0                             0.0                             0.0                             0.0                             0.0                             0.0                             0.0                             0.0

                             0.0                             0.0                             0.0                             0.0                             0.0                             0.0                             0.0                             0.0                             0.0                             0.0                             0.0

                             0.0                             0.0                             0.0                             0.0                             0.0            0.022857142857142857                             0.0                             0.0                             0.0                             0.0                             0.0

                             0.0                             0.0                             0.0                             0.0                             0.0                             0.0                             0.0                             0.0                             0.0                             0.0                             0.0

Probabiltiy of Sentence without Smoothing: 0.0

Count of Bigrams with Add one Smoothing
=======================================
                             The                           chief                       executive                         officer                            said                             the                            last                            year                         revenue                             was                           good.
                             1.0                             2.0                             2.0                             1.0                             1.0                             1.0                             1.0                             1.0                             1.0                             1.0                             1.0

                             1.0                             1.0                           165.0                             1.0                             1.0                             1.0                             1.0                             1.0                             1.0                             1.0                             1.0

                             1.0                             1.0                             1.0                           115.0                             2.0                             1.0                             1.0                             1.0                             1.0                             1.0                             1.0

                             1.0                             1.0                             1.0                             1.0                             2.0                             1.0                             2.0                             1.0                             1.0                             1.0                             1.0

                             1.0                             1.0                             1.0                             1.0                             1.0                            33.0                             1.0                             1.0                             1.0                             1.0                             1.0

                             1.0                             1.0                             4.0                             1.0                             1.0                             1.0                             5.0                             4.0                             1.0                             1.0                             1.0

                             1.0                             1.0                             1.0                             1.0                             1.0                             1.0                             1.0                             5.0                             1.0                             1.0                             1.0

                             1.0                             1.0                             1.0                             1.0                             1.0                             1.0                             1.0                             1.0                             1.0                             1.0                             1.0

                             1.0                             1.0                             1.0                             1.0                             1.0                             1.0                             1.0                             1.0                             1.0                             1.0                             1.0

                             1.0                             1.0                             1.0                             1.0                             1.0                             5.0                             1.0                             1.0                             1.0                             1.0                             1.0

                             1.0                             1.0                             1.0                             1.0                             1.0                             1.0                             1.0                             1.0                             1.0                             1.0                             1.0

Probability of Bigrams with Add one Smoothing
========================================
                             The                           chief                       executive                         officer                            said                             the                            last                            year                         revenue                             was                           good.
            1.736714136853074E-4            3.473428273706148E-4            3.473428273706148E-4            1.736714136853074E-4            1.736714136853074E-4            1.736714136853074E-4            1.736714136853074E-4            1.736714136853074E-4            1.736714136853074E-4            1.736714136853074E-4            1.736714136853074E-4

            1.725327812284334E-4            1.725327812284334E-4            0.028467908902691512            1.725327812284334E-4            1.725327812284334E-4            1.725327812284334E-4            1.725327812284334E-4            1.725327812284334E-4            1.725327812284334E-4            1.725327812284334E-4            1.725327812284334E-4

            1.725625539257981E-4            1.725625539257981E-4            1.725625539257981E-4             0.01984469370146678            3.451251078515962E-4            1.725625539257981E-4            1.725625539257981E-4            1.725625539257981E-4            1.725625539257981E-4            1.725625539257981E-4            1.725625539257981E-4

           1.7418568193694478E-4           1.7418568193694478E-4           1.7418568193694478E-4           1.7418568193694478E-4           3.4837136387388956E-4           1.7418568193694478E-4           3.4837136387388956E-4           1.7418568193694478E-4           1.7418568193694478E-4           1.7418568193694478E-4           1.7418568193694478E-4

           1.6986580601324953E-4           1.6986580601324953E-4           1.6986580601324953E-4           1.6986580601324953E-4           1.6986580601324953E-4            0.005605571598437235           1.6986580601324953E-4           1.6986580601324953E-4           1.6986580601324953E-4           1.6986580601324953E-4           1.6986580601324953E-4

            1.421262080727686E-4            1.421262080727686E-4            5.685048322910744E-4            1.421262080727686E-4            1.421262080727686E-4            1.421262080727686E-4            7.106310403638431E-4            5.685048322910744E-4            1.421262080727686E-4            1.421262080727686E-4            1.421262080727686E-4

           1.7733640716439085E-4           1.7733640716439085E-4           1.7733640716439085E-4           1.7733640716439085E-4           1.7733640716439085E-4           1.7733640716439085E-4           1.7733640716439085E-4            8.866820358219542E-4           1.7733640716439085E-4           1.7733640716439085E-4           1.7733640716439085E-4

             1.77367860943597E-4             1.77367860943597E-4             1.77367860943597E-4             1.77367860943597E-4             1.77367860943597E-4             1.77367860943597E-4             1.77367860943597E-4             1.77367860943597E-4             1.77367860943597E-4             1.77367860943597E-4             1.77367860943597E-4

           1.7815784785319794E-4           1.7815784785319794E-4           1.7815784785319794E-4           1.7815784785319794E-4           1.7815784785319794E-4           1.7815784785319794E-4           1.7815784785319794E-4           1.7815784785319794E-4           1.7815784785319794E-4           1.7815784785319794E-4           1.7815784785319794E-4

            1.729804532087874E-4            1.729804532087874E-4            1.729804532087874E-4            1.729804532087874E-4            1.729804532087874E-4            8.649022660439371E-4            1.729804532087874E-4            1.729804532087874E-4            1.729804532087874E-4            1.729804532087874E-4            1.729804532087874E-4

           1.7838030681412772E-4           1.7838030681412772E-4           1.7838030681412772E-4           1.7838030681412772E-4           1.7838030681412772E-4           1.7838030681412772E-4           1.7838030681412772E-4           1.7838030681412772E-4           1.7838030681412772E-4           1.7838030681412772E-4           1.7838030681412772E-4

Probabiltiy of Sentence with Add one Smoothing: 6.840697929360812E-33

Count of Bigrams with Good Turing Smoothing
===========================================
                             The                           chief                       executive                         officer                            said                             the                            last                            year                         revenue                             was                           good.
                         15133.0             0.21753783122976278             0.21753783122976278                         15133.0                         15133.0                         15133.0                         15133.0                         15133.0                         15133.0                         15133.0                         15133.0

                         15133.0                         15133.0                             0.0                         15133.0                         15133.0                         15133.0                         15133.0                         15133.0                         15133.0                         15133.0                         15133.0

                         15133.0                         15133.0                         15133.0                           115.0             0.21753783122976278                         15133.0                         15133.0                         15133.0                         15133.0                         15133.0                         15133.0

                         15133.0                         15133.0                         15133.0                         15133.0             0.21753783122976278                         15133.0             0.21753783122976278                         15133.0                         15133.0                         15133.0                         15133.0

                         15133.0                         15133.0                         15133.0                         15133.0                         15133.0                             0.0                         15133.0                         15133.0                         15133.0                         15133.0                         15133.0

                         15133.0                         15133.0              1.8874773139745917                         15133.0                         15133.0                         15133.0              2.6153846153846154              1.8874773139745917                         15133.0                         15133.0                         15133.0

                         15133.0                         15133.0                         15133.0                         15133.0                         15133.0                         15133.0                         15133.0              2.6153846153846154                         15133.0                         15133.0                         15133.0

                         15133.0                         15133.0                         15133.0                         15133.0                         15133.0                         15133.0                         15133.0                         15133.0                         15133.0                         15133.0                         15133.0

                         15133.0                         15133.0                         15133.0                         15133.0                         15133.0                         15133.0                         15133.0                         15133.0                         15133.0                         15133.0                         15133.0

                         15133.0                         15133.0                         15133.0                         15133.0                         15133.0              2.6153846153846154                         15133.0                         15133.0                         15133.0                         15133.0                         15133.0

                         15133.0                         15133.0                         15133.0                         15133.0                         15133.0                         15133.0                         15133.0                         15133.0                         15133.0                         15133.0                         15133.0

Probability of Bigrams with Good Turing Smoothing
========================================
                             The                           chief                       executive                         officer                            said                             the                            last                            year                         revenue                             was                           good.
              0.5160267339562163            7.417916907514246E-6            7.417916907514246E-6              0.5160267339562163              0.5160267339562163              0.5160267339562163              0.5160267339562163              0.5160267339562163              0.5160267339562163              0.5160267339562163              0.5160267339562163

              0.5160267339562163              0.5160267339562163                             0.0              0.5160267339562163              0.5160267339562163              0.5160267339562163              0.5160267339562163              0.5160267339562163              0.5160267339562163              0.5160267339562163              0.5160267339562163

              0.5160267339562163              0.5160267339562163              0.5160267339562163             0.00392143490418059            7.417916907514246E-6              0.5160267339562163              0.5160267339562163              0.5160267339562163              0.5160267339562163              0.5160267339562163              0.5160267339562163

              0.5160267339562163              0.5160267339562163              0.5160267339562163              0.5160267339562163            7.417916907514246E-6              0.5160267339562163            7.417916907514246E-6              0.5160267339562163              0.5160267339562163              0.5160267339562163              0.5160267339562163

              0.5160267339562163              0.5160267339562163              0.5160267339562163              0.5160267339562163              0.5160267339562163                             0.0              0.5160267339562163              0.5160267339562163              0.5160267339562163              0.5160267339562163              0.5160267339562163

              0.5160267339562163              0.5160267339562163             6.43619079988608E-5              0.5160267339562163              0.5160267339562163              0.5160267339562163             8.91831349445753E-5             6.43619079988608E-5              0.5160267339562163              0.5160267339562163              0.5160267339562163

              0.5160267339562163              0.5160267339562163              0.5160267339562163              0.5160267339562163              0.5160267339562163              0.5160267339562163              0.5160267339562163             8.91831349445753E-5              0.5160267339562163              0.5160267339562163              0.5160267339562163

              0.5160267339562163              0.5160267339562163              0.5160267339562163              0.5160267339562163              0.5160267339562163              0.5160267339562163              0.5160267339562163              0.5160267339562163              0.5160267339562163              0.5160267339562163              0.5160267339562163

              0.5160267339562163              0.5160267339562163              0.5160267339562163              0.5160267339562163              0.5160267339562163              0.5160267339562163              0.5160267339562163              0.5160267339562163              0.5160267339562163              0.5160267339562163              0.5160267339562163

              0.5160267339562163              0.5160267339562163              0.5160267339562163              0.5160267339562163              0.5160267339562163             8.91831349445753E-5              0.5160267339562163              0.5160267339562163              0.5160267339562163              0.5160267339562163              0.5160267339562163

              0.5160267339562163              0.5160267339562163              0.5160267339562163              0.5160267339562163              0.5160267339562163              0.5160267339562163              0.5160267339562163              0.5160267339562163              0.5160267339562163              0.5160267339562163              0.5160267339562163

Probabiltiy of Sentence with Good Turing Smoothing: 0.0